USPS	GEOID	ANSICODE	NAME	POP10	HU10	ALAND	AWATER	ALAND_SQMI	AWATER_SQMI	INTPTLAT	INTPTLONG                                                                                                    
IN	18001	00450401	Adams County	34387	13014	878079128	2430463	     339.028	       0.938	 40.745733	 -84.936130                                                                                           
IN	18003	00450402	Allen County	355329	152184	1702419942	7028819	     657.308	       2.714	 41.091855	 -85.072230                                                                                        
IN	18005	00451683	Bartholomew County	76794	33098	1053886348	6778454	     406.908	       2.617	 39.205843	 -85.897999                                                                                    
IN	18007	00450403	Benton County	8854	3937	1052616479	236035	     406.418	       0.091	 40.608253	 -87.315479                                                                                            
IN	18009	00450404	Blackford County	12766	6051	427554649	1303587	     165.080	       0.503	 40.472672	 -85.323730                                                                                        
IN	18011	00450405	Boone County	56640	22754	1095338966	878039	     422.913	       0.339	 40.050892	 -86.469014                                                                                           
IN	18013	00451684	Brown County	15242	8285	808026819	12043068	     311.981	       4.650	 39.192585	 -86.239410                                                                                           
IN	18015	00450406	Carroll County	20155	9472	964055949	7237884	     372.224	       2.795	 40.584980	 -86.565141                                                                                          
IN	18017	00450339	Cass County	38966	16474	1067475860	6974441	     412.155	       2.693	 40.753799	 -86.355168                                                                                           
IN	18019	00450340	Clark County	110232	47776	965691140	9312549	     372.855	       3.596	 38.476217	 -85.711122                                                                                          
IN	18021	00450341	Clay County	26890	11703	926029234	7198947	     357.542	       2.780	 39.393951	 -87.115837                                                                                            
IN	18023	00450342	Clinton County	33224	13321	1049126443	461117	     405.070	       0.178	 40.305944	 -86.477567                                                                                         
IN	18025	00451674	Crawford County	10713	5520	791610951	7965600	     305.643	       3.076	 38.289433	 -86.440871                                                                                         
IN	18027	00450343	Daviess County	31648	12471	1112366267	19132567	     429.487	       7.387	 38.696155	 -87.076988                                                                                       
IN	18029	00450344	Dearborn County	50047	20171	790033471	6168701	     305.034	       2.382	 39.151491	 -84.973460                                                                                        
IN	18031	00450345	Decatur County	25740	11209	964946111	1955486	     372.568	       0.755	 39.305980	 -85.499831                                                                                         
IN	18033	00450346	DeKalb County	42223	17558	939710824	2657410	     362.824	       1.026	 41.401189	 -85.000185                                                                                          
IN	18035	00450347	Delaware County	117671	52357	1015596276	9803976	     392.124	       3.785	 40.227165	 -85.398856                                                                                      
IN	18037	00451675	Dubois County	41889	17384	1106622334	20886790	     427.269	       8.064	 38.373344	 -86.873385                                                                                        
IN	18039	00450348	Elkhart County	197559	77767	1199605640	12432308	     463.170	       4.800	 41.600693	 -85.863986                                                                                      
IN	18041	00450349	Fayette County	24277	10898	556883990	384034	     215.014	       0.148	 39.639655	 -85.185032                                                                                          
IN	18043	00450350	Floyd County	74578	31968	383149241	2649232	     147.935	       1.023	 38.317936	 -85.911474                                                                                           
IN	18045	00450351	Fountain County	17240	7865	1024743543	5759793	     395.656	       2.224	 40.121282	 -87.234806                                                                                        
IN	18047	00450352	Franklin County	23087	9538	995668709	17145544	     384.430	       6.620	 39.409762	 -85.066964                                                                                        
IN	18049	00450353	Fulton County	20836	9708	954121481	7451397	     368.388	       2.877	 41.050384	 -86.265006                                                                                           
IN	18051	00450354	Gibson County	33503	14645	1262582226	30247794	     487.486	      11.679	 38.317413	 -87.580566                                                                                        
IN	18053	00450355	Grant County	70061	30443	1072446955	2133494	     414.074	       0.824	 40.515758	 -85.654946                                                                                          
IN	18055	00451676	Greene County	33165	15211	1405055007	8864679	     542.495	       3.423	 39.048600	 -87.005245                                                                                         
IN	18057	00450356	Hamilton County	274569	106772	1021147705	21158963	     394.267	       8.170	 40.049870	 -86.020586                                                                                    
IN	18059	00450357	Hancock County	70002	28125	792577692	2613781	     306.016	       1.009	 39.822604	 -85.772904                                                                                         
IN	18061	00451677	Harrison County	39364	16534	1254889451	5193188	     484.516	       2.005	 38.186440	 -86.103681                                                                                       
IN	18063	00450358	Hendricks County	145448	55454	1053895149	4833743	     406.911	       1.866	 39.768749	 -86.510286                                                                                     
IN	18065	00450359	Henry County	49462	21288	1014954691	7655239	     391.876	       2.956	 39.929576	 -85.397338                                                                                          
IN	18067	00450360	Howard County	82752	38679	759012945	2240090	     293.057	       0.865	 40.483537	 -86.114118                                                                                          
IN	18069	00450361	Huntington County	37124	15805	991061319	13134781	     382.651	       5.071	 40.826394	 -85.478597                                                                                     
IN	18071	00451678	Jackson County	42376	18202	1319112546	11917286	     509.312	       4.601	 38.911957	 -86.042516                                                                                       
IN	18073	00450494	Jasper County	33478	13168	1449421191	4560879	     559.625	       1.761	 41.017688	 -87.118814                                                                                         
IN	18075	00450362	Jay County	21253	9221	994310208	458542	     383.905	       0.177	 40.434972	 -85.003380                                                                                               
IN	18077	00450363	Jefferson County	32428	14311	934029272	5848057	     360.631	       2.258	 38.783604	 -85.440090                                                                                       
IN	18079	00450364	Jennings County	28525	12069	975346383	4563811	     376.583	       1.762	 38.996234	 -85.628111                                                                                        
IN	18081	00450365	Johnson County	139654	56649	829903198	3528917	     320.427	       1.363	 39.495986	 -86.094600                                                                                        
IN	18083	00450366	Knox County	38440	17038	1336514262	20755159	     516.031	       8.014	 38.688663	 -87.420182                                                                                          
IN	18085	00450367	Kosciusko County	77358	37038	1376269814	59601470	     531.381	      23.012	 41.244293	 -85.861575                                                                                     
IN	18087	00450368	LaGrange County	37128	14094	983222388	18332797	     379.624	       7.078	 41.642468	 -85.426302                                                                                       
IN	18089	00450495	Lake County	496005	208750	1292303671	330480308	     498.961	     127.599	 41.472239	 -87.374337                                                                                       
IN	18091	00450507	LaPorte County	111467	48448	1549587772	38747148	     598.299	      14.960	 41.549011	 -86.744729                                                                                      
IN	18093	00451703	Lawrence County	46134	21074	1163339936	7150614	     449.168	       2.761	 38.839815	 -86.487820                                                                                       
IN	18095	00450370	Madison County	131636	59068	1170454727	2562276	     451.915	       0.989	 40.166203	 -85.722454                                                                                       
IN	18097	00450371	Marion County	903393	417862	1026408097	17377675	     396.298	       6.710	 39.782976	 -86.135794                                                                                      
IN	18099	00450372	Marshall County	47051	19845	1148992521	15836354	     443.629	       6.114	 41.325003	 -86.269036                                                                                      
IN	18101	00451679	Martin County	10334	4786	869555038	12093384	     335.737	       4.669	 38.705322	 -86.801847                                                                                          
IN	18103	00450373	Miami County	36903	15479	968246709	9184679	     373.842	       3.546	 40.772881	 -86.044258                                                                                           
IN	18105	00451680	Monroe County	137974	59107	1021773228	43542811	     394.509	      16.812	 39.160751	 -86.523325                                                                                       
IN	18107	00450374	Montgomery County	38124	16535	1306941391	2155351	     504.613	       0.832	 40.040296	 -86.892715                                                                                     
IN	18109	00450375	Morgan County	68894	27754	1046274750	14136592	     403.969	       5.458	 39.482646	 -86.447457                                                                                        
IN	18111	00450376	Newton County	14244	6030	1040550429	4349521	     401.759	       1.679	 40.962399	 -87.402172                                                                                          
IN	18113	00450377	Noble County	47536	20109	1064077860	17068252	     410.843	       6.590	 41.400794	 -85.417850                                                                                         
IN	18115	00450378	Ohio County	6128	2784	223101869	3352222	      86.140	       1.294	 38.940527	 -84.964299                                                                                              
IN	18117	00451681	Orange County	19840	9176	1031818152	25394104	     398.387	       9.805	 38.547381	 -86.489257                                                                                         
IN	18119	00450379	Owen County	21575	10091	997892586	6570749	     385.288	       2.537	 39.317339	 -86.838845                                                                                            
IN	18121	00450380	Parke County	17339	8085	1151671026	13769482	     444.663	       5.316	 39.774250	 -87.196950                                                                                          
IN	18123	00451682	Perry County	19338	8495	988668708	11817628	     381.727	       4.563	 38.081436	 -86.626540                                                                                           
IN	18125	00450381	Pike County	12845	5735	865673554	17756536	     334.238	       6.856	 38.397898	 -87.232532                                                                                            
IN	18127	00450382	Porter County	164343	66179	1083011401	268394743	     418.153	     103.628	 41.509922	 -87.071308                                                                                      
IN	18129	00450383	Posey County	25910	11207	1060783261	25263904	     409.571	       9.754	 38.027614	 -87.868653                                                                                         
IN	18131	00446852	Pulaski County	13402	6060	1123145988	2291536	     433.649	       0.885	 41.045272	 -86.692538                                                                                         
IN	18133	00450384	Putnam County	37963	14706	1244562066	5604743	     480.528	       2.164	 39.665544	 -86.853325                                                                                         
IN	18135	00446853	Randolph County	26171	11743	1171656456	2420394	     452.379	       0.935	 40.164414	 -85.005004                                                                                       
IN	18137	00450385	Ripley County	28818	11952	1156236700	4237505	     446.426	       1.636	 39.100230	 -85.260541                                                                                         
IN	18139	00446854	Rush County	17392	7508	1057035473	872309	     408.124	       0.337	 39.622312	 -85.466526                                                                                             
IN	18141	00452855	St. Joseph County	266931	114849	1185826798	9156284	     457.850	       3.535	 41.617699	 -86.288159                                                                                   
IN	18143	00450386	Scott County	24181	10440	493127224	6089000	     190.397	       2.351	 38.679431	 -85.751898                                                                                           
IN	18145	00450387	Shelby County	44436	19080	1064866098	4167863	     411.147	       1.609	 39.524135	 -85.792174                                                                                         
IN	18147	00450388	Spencer County	20952	8872	1027562733	12126717	     396.744	       4.682	 38.009789	 -87.010645                                                                                        
IN	18149	00450389	Starke County	23363	10962	800653661	7955177	     309.134	       3.072	 41.283220	 -86.647570                                                                                          
IN	18151	00450390	Steuben County	34185	19377	800149001	35034127	     308.939	      13.527	 41.643437	 -85.002467                                                                                        
IN	18153	00450391	Sullivan County	21475	8939	1158091682	18063039	     447.142	       6.974	 39.089225	 -87.415843                                                                                       
IN	18155	00450392	Switzerland County	10613	4969	571436429	7267108	     220.633	       2.806	 38.825846	 -85.029679                                                                                      
IN	18157	00450393	Tippecanoe County	172780	71096	1294491529	8902814	     499.806	       3.437	 40.389260	 -86.893943                                                                                    
IN	18159	00450394	Tipton County	15936	6998	674797764	68029	     260.541	       0.026	 40.310229	 -86.056207                                                                                             
IN	18161	00450395	Union County	7516	3239	417568462	10238544	     161.224	       3.953	 39.623111	 -84.925152                                                                                            
IN	18163	00450396	Vanderburgh County	179703	83003	604697995	7393314	     233.475	       2.855	 38.020070	 -87.586166                                                                                    
IN	18165	00450397	Vermillion County	16212	7488	665311750	7904759	     256.878	       3.052	 39.854045	 -87.462071                                                                                       
IN	18167	00450398	Vigo County	107848	46006	1044574633	18486867	     403.313	       7.138	 39.429143	 -87.390375                                                                                         
IN	18169	00450399	Wabash County	32888	14171	1068200229	22122011	     412.434	       8.541	 40.843717	 -85.795175                                                                                        
IN	18171	00450400	Warren County	8508	3680	944520687	4466123	     364.681	       1.724	 40.352658	 -87.375847                                                                                            
IN	18173	00450335	Warrick County	59689	24203	996667397	16155828	     384.815	       6.238	 38.097764	 -87.272023                                                                                        
IN	18175	00451665	Washington County	28262	12220	1330542331	7444213	     513.725	       2.874	 38.600612	 -86.104751                                                                                     
IN	18177	00450336	Wayne County	68917	31242	1040502885	6736566	     401.740	       2.601	 39.863091	 -85.006735                                                                                          
IN	18179	00450337	Wells County	27636	11659	953341217	5596420	     368.087	       2.161	 40.735273	 -85.212974                                                                                           
IN	18181	00450338	White County	24643	12970	1308266686	9206237	     505.125	       3.555	 40.750950	 -86.864293                                                                                          
IN	18183	00450369	Whitley County	33292	14281	869120901	6073420	     335.569	       2.345	 41.136426	 -85.501892                                                                                         
